J=9.999e-6;
R=0.015;
m=0.11;
g=9.8;
L=1;
d=0.03;